56 120 72 -24 -24
-1399362048
3 3 3
44225310720 7753060864 18519419772 -864057156 7753060864
-20832 885024 -3168 -234720 -4842
-10 -10 -10 -10 -10 -10 -10 -10
16134 25728 19302 89472 11814 120678 9600
425432 -61912 76850 12978
210 -7750 2960 -5040
-800 1440 -6100 -8360
23280 22968
8 200 408 -40 680 8 -24 56
190603 190603 2383984 5195875 190603 5195875 68402475 3053943 -2859536
-427520000 -2272256 -1566020 -23008196 -1728000 -2922372
507560 2573880 -7363215000
33043032 5208112 1241568 4315072
800 512 449 400 1232 736 583 449 400 827
7536500 -13003264 -13003264 -1807063040 311236
-2488 -752
4042242
90940320
33 13 13 -2
10584000
-808 -808 688 -392 -808 -1040
-59776 -38568 -323616 -59968 -195968 -323616 -7608
-6891927 9638400 -9974907 -6891927 -573003648 -141252657 -4506106560 -2999232 531965568
549251015 36870625 5669865 1658575 158556960 1080000 10110380000 6713600
46656 2031616 0 4096 -80000 746496 151552 8704
-85792 -85792 -331520 38605
15625 25 252105 655360 3000000 25 -320 3838185
-15 -6 -18 12
12422144 4790016 -353131520 -19882240 -52690176 7688520 15461950 1804005756 -3745385728
-440988 -364864
-72710144 5912 -341992448 -7308288 -341992448 -72710144 -243712 -143539488
5884488 1632960 2387904 1431264 1265088 1265088 1073088 1073088
-2188 -9105400 338376 -246408 -4308 -16624 -2400 -246408
6 6 6 6 6 6
-3 -3
-27150336 -1003776
5698084158 13975758 13975758 82909950 94501728 410985582
280 1160 168 -1880 496 -784 80 -404
2324522934 0 0
1750 2590 2590 -690
-4 -4 -4 -4 -4 -4 -4 -4 -4 -4
74
-100128 194472 -22344 -98856 -68832 -81144 59744 -70560 -221160 194472
27440 952 3990 -43960 26250 25032 26250 -4228 26250 25032
10 10 10 10 10 10 10 10 10 10
96 162 330 432 546 -48 162 810 96 546
16352 -2590 -1288
77875 160824 610504 321223 17779 160824 38632 295239 17779 38632
585 -1448 -1089 -1448
-4 -4 -4 -4 -4 -4 -4 -4
73344 -38394 -39834 154656 45126 23328 -39552 -36186
18750 46656 -1458 -354294
-1494 -1284
1 1 1 1 1 1
8 8 8 8 8 8 8 8 8 8
7181091264 57101741184 -6895611 -28916736
-3000 -7480 440 -7480 -6360 -13000 440 -1720 -3880
2635852416 9878400 -5085675 11903837 -51411475 7048293 2893376 -51411475
27 9 97 9
837 -5059 9648 9648 97136 97136 9648
-420 -456 -960
284 4 436 284 -4 20 20 4 436
76835871 -769 176000000 -1949184 9966551 9966551 0 -52569 -4151329 -10556649
13891628 -64795456 4239104 7145216 -4056142
-36 -63 -144 9
-84 -66 -194 -164 -354 -84 -66 -266
2000000000 -774840978 1024
3370 5920 5216 -814 496
-125302080
15073280 14368590
0
0 19926
-4206336 -21212928 -3372270
9595 10720 -800 49600 10720 10720
134 1482
-185 5425 -425 -131 -425 259 -225
324
-96
-11648 -5888 -5888 2321024 1219050 1280 -6966 -16438 -20736 254042
199300 651532 1357312
-9216 -77760 -16875 -9216
415411 13075 19575 200236 2551 35272 19575 415411 415411
6198218 917786 6198218 1435306938 1435306938 878624000
600 5800 1336 -248 -1928 1600 -248 1000 19200 7552
-10 -10 -10 -10 -10 -10 -10 -10 -10 -10
3539599360 8439514248 -68812800 -141133800 8439514248 -143953920
-3456 -3208 432 416 -2484 -856 4644
-2799360 -47829690 -20971520 1280 781250
1465582500 728078976 1595068416 -2281736250 846720000 1212707376 1465582500 -1372852224
-5038253379 7336074240 -4872249 -5038253379 -180900864
-244 68 -52 108 92 36 -172 68
-16164 -1952 -4824 -6392 -10400 576 -10400 -9248 -1184 -6392
18 108 81 -27 -36 -9 63 -54 -18
-21320810 -8333280 -341010 -226800 -8333280 -433680 -781520 -101603970 -288800
-7532514 -38016 1323294
-183040 4392 3432 -10840 -183040 -32128 -11640 -22968 -83328
46 6
-7056650745 16927416 18764712 -873209799 13979151
-17634200 356264 386586 386586 519912 356264 372472 203642 15059898 -3698344
198528 19341312 4863748032 19341312 0
2224 1680 -1856 2589
-795588 -11796 -795588 -795588 -1597806 -5190
288 -768 -414 -576
77312 102222 117504 244224 -1011798 128000 121754
1858560 1858560
38912 2547712 -854888 303104 2252800 395800 -630784 -756736
-1396 -2120 1180 -1396 2572 -2120 736 88 124 3568
-38207488 -28007208 281083904 219392000 1736038400 -26475400 -24838144 -26475400
4 4
0 654080000 260496
-5 -5 -5
649281024 10520478208 2319064048
96505974 -28928250 31686750 439488000 -9743346
-336 -336 -156 756 -156 -336
440 896 -64 -512 -35 8 -280 -64 1576 -685
-144160 -12480 -277020 349760
-10782990 27934470 23173760 776320 19458250 776320 19458250 -13119280000
18115068 2965440 8636424 32529984 7332768 7201344 7332768 7067328 2965440
9 8 12 -2 -4 2 6 -7
-1258291200 -8398080 -23437500 0 -30 1500000000 -1258291200 -23437500
-31680 7776 6720 -31680 3201 -31680
1 1 1 1 1
-1239625 -233625 42560 -2486505 42560 -91825 -91825 -91825
29547909 20736000 2059119669 16644864 2059119669 23602656000 8508999861
-7 -7 -7 -7 -7 -7 -7 -7 -7 -7
-7 -7 -7 -7 -7 -7 -7 -7 -7
311040 453771 453771 -22181760 10072323 3390336
1708 1533 553 532 868
705228560 -855774320 -3120400 -3150000 -1793360 9068750 -3593750 -3848320 -2381428800 1990272690
-40 80 20
18874368 -19683 -147456 7411887 9
5000000 2657205 78125
1660607082
-1449984 -27648 -181221381
924 -168 -264 3480 -462 924 3480 -462 -348
-1102720 -1145910
-5 -5 -5 -5 -5 -5 -5 -5 -5 -5
888 1026 648 762 378 312 312 186 1026 1026
222
2 2 2 2 2 2 2
-248 -56 -56 -168 -56 -584 -728 -344 -728
-2 -2 -2 -2 -2 -2 -2
-5845851 588245 -12000000 -3645 -256 -373248 8000000 -24576 -24576 -5845851
339309 1695348224 339309 515840 339309 2980365 9154223360 1577645
21 -9
-83085696 -5211772800 -83085696 -13992576
17187904 641088
-17433922005 -5120
-468750 28697814 -468750 6 12582912 -28697814 0 12582912 -1679616 12582912
69189632 -737280 290144192 -737280 2560608 12340224
1267 -261632 -5097897 775982592 0 0 34451725707 3187934953 -6729637383 2709693
4 -1 5 2 13
-200 108 -152 112
5502 -10241 -1610 511 -9114 -9114 -9590 -2625 28714 -9590
0 11 6 8 10 12 5 12 9
-17280 -135980 -494580 -4472444 -48512
212455 1024 322240 35215 -560960 -31040 212455
-224 -161 1036 11368 8631
-1915281 -5050773441 2397951 -21065625 -114134400000 -114134400000 2397951 2397951 -81636482529
-49328545 0 85852160 3840 -2296875 -162398208 161 -54675 -7168 85852160
727392 -63870768 -489255 1224720 -163161135 -63870768 -5668704 1423737 -489255 -166272480
994 -266 812 -140 -196 994 -196 -266 -196 350
655 55 145 55 95 95 205 355
675 675 6912 27 1728 675 0 3675
1 1 1 1
-21952 0 -8640 0 -21952 -72000 -46656 0 -88000 -1536
-6 -6 -6
-1908 72 -72 -936 -312 -240 -456 -3192 504
-1160 -1640
46371759 4317867 3940281 46371759
1920 -2332800 20 -7058940 110000000 204800 -122880 -14580 23592960 204800
1020 804 -330 12
1750 12832 672 30000 1062
2848726 4423680 -3866624 3255282 919836 2818048 -979140608
3805902 9408 10948800 11262 476910 336576 11262
-4 -4
-12265625 25816320 2406400
3600 -2280 1680 465
-33481980 -6164480 551413760 1894874220 -560609140
522 39042 2106 1602 1872 42102
137350
28224 97344
1024
128 128
10352
567 1953 819 729 603 819 819
-76748230 -3105280
-2 24
3860 5660
-786
-92215000 -23040000 -125710336 -654341384 -54797312 -80670744 -1244647424 -23040000 -216065000
-2765 26019 94815 -245
1334928 155295 217280
7 7 7 7 7 7 7 7 7
-10 -10 -10 -10 -10 -10 -10
-66005118 13991136 58720800 -583200 -406338 -34437408 -247008
-4736 -17280 -12416
-12016 -106720 -67797 -12717 -11645 -42296 -9720 -11645 -10877
-2460 -92700 -60510 -930 -930 -380 -60510
6 -7 -5 -13 2 -3 -13 -9
-4616 -5768 -5768 -103688 -4736 -33920 -27776 -4616
-8 -5832 -8000000 -8 -2097152 -4251528 -941192 -125000 -8000000 -125000
-5555 -2240 1120 -4200 -200 -725 0 -5555 -725 -2240
-3236112 177584 312258 -148554 -1755430 -9443790 -14275602 -9980880
-1 1 -11 -12
-48
26496384 26496384
-649496 -649496 15058224 -5824016 -425736 32800800 -529008 -742176 -1146848
-3564 -5272 -700 4536 3968
-72 18
500195840 -6065920 277351040 62082560 -7464960
-872 -616 -1376 -1192 -1192 -352 -424 -352 -424
43204608 3108907008 1153384448 -11057920000 1153384448 3108907008 -11057920000
7 7 7 7 7
805306368 -1572864 -6 -6 0 -60466176 -805306368 -6 60466176 60466176
10 -2
-9880 14600 -17750 -9880 249400 1976 249400
-512184 -512184 -2808 -17060 -1881944 -16920 -123768 -16920 -17060 -4649
533490 -818910 -818910 158736640 0 1632640 -437760
1353180 304059 914808 -191895 -87252 1980693 -26244 -28431
40 30 -50 -60
259 -56
422912 102656 -1528000 148862 189504 196416 21312 526014
-17469
-326016 41472 264960 -994752 -478710 153504 -129600 266004 153504 -229446
-5 -5 -5 -5 -5 -5 -5 -5
-22302784 -365062348 -38282090 -52116400 -11430720 595356804
1841594880 -30481920 15711777280 -46384640 -46384640 -6084096 15711777280 -39809151 -14013567
-30 -150 -20 -130 -140
-180 90 -180 -450 -180
-7776 -24576 90112 262144 3932160 808704 0
8
-17421875 903872512 1360000000 1360000000 -894483 -1594323
-45
6 -138 438 -282 -138 -72 -264 6 -282
8 8 8 8 8
-12419 -490887 -27
68208550 822908800 9030400 -556160 210960640
25785216
966 336 700 1120 336 700 196 1120 406 336
11008
2771172 8851072 2771172 8851072 -57388 -75906688 -17464064 382208 -37940076
-12288
36671616 225949824 -10121436 36671616 36671616
-1725624 -501141772 34475000 8611556 7466727500 -110870928
-680 -1220 -1060 -1440
-13263520 10039396352 -2140160 -95797472 10039396352 -1299078000 -13436928 -3846391808 -3846391808 70390912
-648 -648 -424
0 12582912 20971520
2 2 2 2 2 2 2 2
-2144 -3200 -2750 256 -3950 -3872 4960 -3872
344 8 584 24 888 584 56 56 168
1115 -205
-16384 30993639120 -112 0 -25000000 0 -112 68750000 30993639120
150528 217352 -290616 -7245312 639048
-7 -7 -7 -7 -7 -7 -7 -7 -7 -7
1 1 1 1 1 1
1112 280
10042900
-8 -8 -8 -8 -8 -8 -8 -8 -8 -8
3526902 -51861060 -194022458 714420
11664
-2304
225 432 0
-584 -1000 -648 856 216 640 -944
3145728 847425747 177147 0 3 30000000000
361557
-143040000 -20528640 -314928 193855488 41472 486563760 960
-275 325 220
-82390 -136550 -126000 -144630 -486450
-1847680 -1075200 -2687575 -1847680 10065920 -10953355 -3952825
-1264 -112 -42 130
400617 699705 504225 586332 1260540 1705905
211680 282720 188544
1032240321 231827832 -414556056 -73680759 -16409871
-8859648 -27295113216 -1965415578 -20098482 498792462 -562495488 9633792 498792462 -1965415578 -23952290418
273 633 19753 19753 633 9768 720 -89880 1185
27000 4608 2430 6336 -2250 0
20496 30270 14016
2645715 221185740 -1370085 20882883 221185740 20882883 -88413 -338532 454534140
24
30 -60 -140 -60 20 -70
-38880 -979280 -83312
-5308992
-15680 15840 -13160
645120000 -371828736 818040832 -1438900274
2349 866160 25920 137619 29376 866160 137619 -713520
59248 -724248 -4032 -39760 -220892 -1184120 -724248 0
6642 9432 342 -468
-22 -10 -24 -10 -18 4 -4 16 -18 2
6031283200 4407296 2568749056 819200
189 324 189 261 1080 909 405
-739794776 -2397553664 446394152 -173859328 34297816 116706304 34297816 34297816 -16297280000
13860 1260 4284 2355 2355 12228 420 4500
-3792
2209610
-1
27 6 -15 39 0 30 -12
61888 37483776 30960
22498232 2998728 11448320000
-110 -140 -60 -20
28 -28
19208 32768 0
-20 10 110
-30719412648 1105373952 317730008 -14284195128 224508672 769801472 94386072 1105373952
3297500 3308 7122500 2889728 6260 -311440000 7122500 972800 21714644 106160000
73115490 138415890 73115490 5185290 12827650 -428006310 91597440
12033246720 -1991513790 -178838226
-76608 -402240 -41607 -368640 146880
-20869632 -137743872 5644800
-10305936 -1187831871 -2946823200 349772688 -13333575 -145603647
378728 -1960 131033 -1575 1337880 131033 26105 -2899
67768 -240064 32832 -2816 -17712 67768 121856 -10584
-161024 18940 -161024 2236 -6584516 -2387200 1792 739612 -714980 18940
517920 4320
4 4 4 4 4 4 4 4
47475 300456
-3930 -4608 -264960 -465666 58590
-483840 -24150 -59670 -106560 -483840
-9 -30 -18
84 100 144 60 84 72 72 60 372
-2124 -7900 -49584 -33904 -49584 -304 -144 -240 -7536
27840 -88320 4080 0 4080 -88320
8 -24
51136
1568 -7792 -1008 1568 -576
-824 -1280 64506 -56544 -384 -95360 7296
5179800 9629280 8882100 -57594240 7257600 7257600 -262827520 -396594520 12108800
-10240 13224 -9216 13224 13224 -11416 -8856
13957434 797040
28 32 0 -36 8 -20 -24
311191 177408 177408 177408 84535 9835 504448 311191
-3 -3 -3 -3 -3 -3 -3 -3 -3 -3
-704457648 -69710103 94617648
-205264755 -103078115 -103078115 767700765 -205264755 -103078115 -10225280 -157494400
70368602400 0 327107250 1720502406
-1018872729 25343087
19531250 19531250 -984150 30 -30993639120 393660 3932160 -15000000000 0 30
-63850 -16394 -19200 -17216 26993600 -289344 -2711296 -20026 13377606 -6906
-7083750 -9853440 20480 -5721250 1374720 -351040000
9 9 9
57 -27
-23869125 -134166528 -43774992 0
7 7 7 7 7 7 7 7 7 7
-18504 603 -3384 142920 -18504 5845
-2280000000 -491257856 -209448834 -27968750 -1570266 -2280000000 -491257856
16 2
7445925 793800 1007360 620600 1632435 18141600
-2691072 11071080000 15339456 -2672820000 89234784 11071080000 -1469376 -2691072
-2898176 -14947328 -594000
757935468 98450604
37928960 -32452111360 -10153766490 -582992650
-159633660000 -227158770 -18026223570 -159633660000 -227158770 -8118549138 -23649068736 -551730528 -204120000 -8118549138
-476280000 -1003904685 -394951885 -289557585 -1003904685 -260978125 -394951885 -1003904685 -260978125
348 540 150
-7 -7
46346752 121750300 -21419300 14522652
1125 2625 1615 915 -1925 2040 -1080 915
-2791150 -1280271040 -2116800 -3940859250 -4783040 -2116800 14126400 5122796130 5122796130 -3940859250
123180
-3 -3 -3 -3 -3 -3 -3 -3
10280 16200 1080 1130
119190528 10903552 3571192 -4539240 6627328 119190528 231040000
-126 -456 -366 -456 -78 -366 -126 -288 -456
-619451 -380534 -973728 -28952 -69776
-400 3660 240
-39998358 1053085464
-584130 -212320 -760337490 -37289920 434720 -2347840 2700960 -139879650 -212320 -15250
-8192 1620 -80000 -7820712 632448 -7820712 -8192 -8192 -362880 -3276800
672342016 -3664256000
-276 -24 -60
3 3 3
5400 7830 -148520 7480 1125630 4750 380530 95750
71568 -1120 34328 34328 34328 -11592
2419200 16617609 9205726257 2398007808 581368320 2410635969 224776051200 16617609
802914 -228416034 2881958400 976517694 -1839450 -1463232
-21888 852480 20938752 731205342 2002722120 -21888 20938752
29120 51520 -749 -749 -301 595 29120 8176 560
7 7 7
20082 -147606 159744 -767328 159744
-60466176 -14140625
88
0 -91854 -26244 -154000 -17150
-10656 1176471 748800 -151200 -268461
-589833
4944 312 12 4944 126 870 7722 11540
-5910 -15250 -64060 -96810 -2810 -2810 3090 -5910 -4060
40824 40824 -272671 -3097521 495551 76475 40824 1954449 76475 -272671
-1350005 -50630 -279045 82030 52245 143370 137425
-1377
-2135500 -1930036
-56800 -7200 915
259105 117733 147091 1417675
40 -230
-49776000 -1007616 -13444941
24384 -7311906 38304 20646 -1871994 -799776 -276450 -1255200 25734
1025613312
559872 256 -20000000 -32768
-310 -640 -510 -310 -190
-105 28 -98 -70 0 -28 -14 -49
6883472 285529664 -4576454208 34432 9091872 4921472 285529664 -533329328
-5 -5 -5 -5
0 -30146560 -4354560 -41310 -286720 -2560
2 2 2 2 2
-2112 43740 579756
9 54 54 54 9 30
9711177 -35739648 -178339840 -725168640 9711177 4046336 -11617536 26442752
-175872 18273141 -423632640 35829 1748085
-148716 -14580 -754692 -6732 -2916 -60756 -5368236
-1310720 0 25000000000 25000000000 2421216420 11796480 75000000000 0 27119434230 -1310720
76136543
-570 -640 -4000 -5610 -480 -5610 -750
1798640000 319717376 344373768
-115875 43776 1332000 -76671 41184
-18343473408 -8332945308 -1554228 -8332945308
-5 -5 -5 -5 -5 -5
-27589005 9642774015
-1354 -35648 59536 -112624 -1856 -35648 -832
-9 -9 -9 -9
953536 62208
4400 49400 -760 8088 2120 2120 14696 56
2275264 -1556288 -26114
-57600 -4960
-505625 5038848 -254421 1606875 75217491 13619599 3015411 -107264
-58720800 15123950 -28858720 1755614250 -28858720 -48988800 -39653070 -139384800
15633 59049 1528713 -44247 45568
8 3 0 -8 1 -7
8570880 0 12692705280
-10 10 -30 -100
6 6 6 6 6
14823774 6 14823774 105225318
18367488 52157504 4990256 331876368 -1024 137578496 3886496 742286336
20 -8 8 52 64 48 36 48 -4 52
-617940 -12840 -10498000 20820 33360 -1680880 -154320 -3120 -169500
-10 -10 -10 -10 -10
168
328050 -10400000000 2400000000 0 30720 2400000000 0
256200 126252 -1128 -1812 -756
-2 -2 -2 -2 -2 -2 -2
8 8
21972 -1311 13953
10 -10
6386110080 2432858166 16482690 16077696
-614464960 24319872 14316102 627769602 -20003192640 -20003192640 -614464960 -13249408
27811660800 150170112 -9811125 3022573824
238 378 532 532 280 532 378 238
10 10 10 10 10 10 10 10 10
-8 -8 -8 -8 -8
2250 801 306 369
2785 1350 5710 1265 2425 9500 5710 5710 1265
-44145 29272995 -55
199552000 -3456000 -2861125 37753856
1429504 6936 -115844096 38296576 -8006016 1822840
-7043264 -3387728124 -439616156 162334340 -1611900 -8104419200 -130401792 -7043264
-4 -4 -4 -4 -4 -4 -4 -4 -4
1
652515 400000 229865 -68160
-92
-8 -32
147899520 18262485 67525632
-1589 7546 9499 5957 9499 5957 5957
-88018050 -31495884800 87091200 64942080 -31495884800 -4079474688 12126208 639811662
144 2394 44 3620 2394 788 3620 6020 14058
3651840 3651840 1336725 5037237 -531705600 233472 -460800
-1149975 2482848 -126129600 -391779 -377856 -806031 -806031 -126129600 -391779
-7595 -5770 100950 100950 7530 -1670 -6050 20030
-161 -35 -581 -343 -91 7 -91
105 285 15 285 555
2343750 6
-250141696 874314 -93843694 -30536352 4359488 -1315333600
-1971712 5611886 1410048 133286958 -1625994
1603881 -47943 -18144 85005 -196101 2490480 85005 2490480 976032 -28944
-55620 -306 -6516 -250596 -461376 -324
-1360 -177 153 -232 -120 -25 -232 -25
-8 2 -14 4
-1213920 -1213920 58260 -1213920 99980 68130 -235264
-38934 31007286 -50664 4507706 1456056 131715000 -1858750
-176607 519561 519561 -110565 519561 -261117 -244512 -108369
-1335296 -2116980 -36618804 -172714356 -1885236 -64389120 -2116980 -2388852
417042432 133189632 -8654548992 500345880 -29242672488 417042432 -10078056448 -126824448 -1217191528 -101344030720
-6899985 0 -114784875 16784964000 66252375 41760 897745905
-48 -6336 211200 19104
-1540 -532 -385 -364
1170000
404 2484 9344 59904 2484 84564 404 18944 26244 9504
465644 12800 465644 3840
3 3 3 3 3 3
3912 1920
-8 -8 -8 -8 -8 -8
5800 5800 5800 3055
205696 114160 -44701632
0 100663296 2343750 600000000 393216 393216
81310473 37748736 5760 37748736 1828125
-110885517 51998463 4744154880
2401
-8 -50
-2030854 -7902 558720 4042496 163250 558720 -704 4042496 608
240 1968 8394 1890 1104 1590 978 240 6192
-1 -1 -1 -1 -1 -1 -1 -1 -1 -1
-5780 -2140 -1930 -2140
-12834816 3425280 -64171008 646541112 35319500 -9734076
-14090112 -207600000 -729 -755712 -207600000 -3456
723668 829440 581120 22115840 581120
-57408 468 -131820 -1927392
41472 -4554752 5434 5434 -206656250 5434 -555498 -15762 22408000000
294 -546 924 -14546 294 -6566 1414
68907 367875 122427 122427 2342304 99360
11907 408 2327 -7200 -1648 -71785 -2505 -45072
-6588344 -80000000
-9 8 -2 -6 -6
-3240 -44712 -131200 -28672 -10368 -28672
-476280 -2774968 -334600 -1174285
8 -12 8
-659744496 1337155584 -6182400000 3353600000 1074010016
-12102912 1240738560 -10160640 -8543799
-33786 -33786 -106254 -33786 -33786 -2224512 -855690
33536 -559104 1114356 -559104 818944 818944 1310720 -44556
-4 -4 -4
-793851401 -349456625 -438014976 -659013632 -3422336000 -1293474777 -543769953
25 160
3641 1011 2795
-1800 -120 852 2520 -4008 852 2520 852
-640 144342 14168750 -640 11310400000
908 -856 -337 93
1128744 1128744 361600 -29056 92800
7417140480
-3240 -9504 -3880 -3680 -1304
-14899968 -711936 -136458 -47324034 -97850880 -711936 -97850880 351378
-8748 -32500 -4374
-4912 -1936 -2160 -2160 -3816 -2160 -1968 -1936 -3024 -1992
48 30 90 78 96 24 42 30 72
-1601370 -8024640 -2728800 -50116320 29432160 190077030 10035750
-21 315 35 0 -21 980 539
98304 3 -177147
-671088640 671088640 -1310720
-346783680 -82312000 -45387520
-14 -35 -84
502600 7960
9240770304 16870464
187200 3648 555885
-3321 17919 140175 7749 35469 7749 26649 26649 17919
21280 25592 22680 13580
-50647275 -98000000 -103040 -103040 -141659 63616 -12131 19600000 -141659
-25392 834000 24192 -55803
-8000000 -2097152 -2097152 -125000 -941192 0 -512 -941192 -373248
-1038625 -310240
191232 390051 -125469 126720 -2206080 -155520
-3661038 236196 -12673134 1598112 1086855894 -22792914
1320000000 -5520000000 24 138412032 -17343750 -288684 -12288
-1314306 -1314306 -3304 31528 -475552 -3304 -4536 -817544 -249480
-17940 -42000 -19040 -37340 40500
-9462517760 -1158169535
-78732 259840 -25920 52164 52164 259840 9460 865728 482500 -25920
3270 2976 -2400 3270 2976 9942 8352
1600 100 600 240 1600 460 240 60 600
92 -916 164 434 260 -1980 434 134
-8 0 -30 -20 2 -18
16 336 16 184 -80 120
-10 50 -80 20 30 10 -30
-50000 -32805 -50000 -32805 -5
240
-18071 -15552 10848
-60 0 8
-31248 33999
-168 120 -72 -280 8 -168
-50 -25 -60 -25 -5 -65 -25
-2293807012 0 -839680 -18865356516 -14084472832 18204 -102535680000 -4454520420
29160 -56 -128
5038848 196608 50331648
-576 -6000
-645657712 -78732 -100776960 -1024
-279936 128 78125 -279936 823543 279936 4782969
6872115200 5286463704 -71361356800 -57978880 -94071808 -89598312 -94071808 -25396185960 -48250728
126
-80
-3328
-157464 1073741824 -157464
6103473712 2082400000 209523712 281195712 136864000000 0 59708800000 50099061168
-12 -14 -8 4 -16 12 20 4 18
33303375 6803757 70123968 33303375 -1045344447 33303375 294363 1560312000
-18516 -14526 45468 -3882 -3780 -22230 -22230
-104 -6 -14 -6 -104 -168 -134 -134 -78 -24
-243 -26 217 -63 -243 217 784 29 -1636
-42136320 16261168
-32 96 -16 24 -48 16 80 56 -32
-1585458 69870472 -1585458 -1296848 238773360 -1296848 -1585458 238773360 -1296848
47872 41300 141312 140800 61184 78852
222 90 -30 42 -18 306 402
-64855161 2265024 1451520
-3 -3 -3 -3 -3 -3 -3 -3
-1536 0
-486081 343566591 -486081 637981299 3335775 2785589376
217728 165240
-23620140 -224210300 -9697280
-5313940 -34415192 -1707392 -279200000 812500 -4225792 -69846400 -1707392 -279200000
54 0 12 12 36 -36 48
-5000398336 -358564600 -11644958520
285 230 285
-2665467 230400 -5031360 -488043 64512
-286840 32696 -112995 -1167129 29160 19385
-28672 -5103 -5103 -448 0
-816927 -143360 8498475993 2788062208
-12257 -12075000 -214893 -7292187 0 196875
492075 60000000000 10240 0
-17 -32 -8
389000
130 140 150 80 160
-5706 -10944 -20514 751776 456354 -297594 -6240 -10944 262080
3012871464 -53245096 -799313920 3012871464
155073852 190300160 155073852 190300160 99532800 592220160
-6 805306368 6
0 1154442 2688096000 4485294 -74747904 0 15327250 0
-8 -8 -8 -8 -8 -8
0 21117583360 -7320384890 4298590 14095360 -2081756160 8320209310 -7320384890
19008 53253 -162315 -45888 48000 -4392000
36 -54 -18 -63 45 0 99 -27 -54 81
-46964610 -286720 -134316 -3197376 -193536 3355534 -21410816 -8823808
342265111 170619616 2879140704 875357419 8764260000
0 -286978140 -13436928 20
-199440 8728272 910503 61483600 8728272 8728272
148590 15634710 148590 57600
-1544 5311 31 12991
-140 -3650 -45 -140 -3650 35 620
4290 4350 17600 10320 2970
-330697728 7598124
7951600000 35798080
13
-6652125 -4928112 -2251152 -819792
-1888160 1447222860 -3986540 -269410820 -2253230550 -2253230550
7 7 7 7 7 7
83 -658 13 257
16 -92 -64 448 656 -112 128
111 -4 59 -84 -81 15 -4 111 -84
-60000 256 48 -128 480000
-3 -3
480621792 -5876220 -7357098 -11260928 -6074880
2906496 46912 10322242 1393750 122800000 534654 122800000 0
-3870 -4200 -5406 55200 480 39600 33330 -3150
-5 -5 -5 -5 -5 -5 -5
6048 3656 1208 15200 20520 1208
-80752 5312 464 67424 1728 5312 386000 0 386000
0 -120 0 -30
26215 -1449 -5033 -7056 -54873
-1845 -855 135 2745 135 549 -99 300
1340416 3039232 365202432
4608 1020000 480 45000
80640 86310 -372150 -372150 212480
3511593 460023057
-434616 -162936 -477936
-3348 -6276 10380 21012 -3348 72792
-870 -198 -240
-414 -540 -684 -36 -144 -90
9 9 9 9
31520 35040 71020 25360 31520
7410746525 219914240 59099217165 3835565 82114965 21884272640
17178112 -833812658 17178112 17178112 17178112 27348642 42140288 67159168 35979462
5 5 5
37824821100 -56696448 11886324864 -111835560 -50580480
49 49 -28 -343
-25920 -8029120 -115264 -25536
306 960
14 35 42 70 70 42
-7208960 6400 3840 6400 65413170 -7208960 3840 -50400000
